-0.000085 0.001297 1.004418 -0.054279 -0.063412 0.995639 
-0.000298 0.000335 1.003110 -0.049568 -0.060671 0.996043 
0.004076 0.001300 1.104196 -0.043358 -0.057092 0.996715 
0.000456 0.002065 0.985363 -0.054861 -0.064003 0.995532 
0.000212 0.001327 0.992340 -0.054025 -0.064039 0.995564 
-0.000496 0.001681 1.018520 -0.046746 -0.051778 0.996680 
0.000814 0.002530 0.999653 -0.046424 -0.052102 0.996643 
-0.000044 0.001631 1.001630 -0.054812 -0.064698 0.995463 
0.001120 0.002785 0.979245 -0.053826 -0.063320 0.995598 
-0.000052 0.000529 1.004381 -0.054245 -0.064176 0.995586 
0.001578 0.003359 0.972982 -0.056605 -0.066269 0.995353 
0.000003 0.000499 1.000457 -0.051117 -0.058833 0.996076 
0.000801 0.002698 1.004028 -0.053428 -0.062054 0.995783 
0.000074 0.001491 1.009509 -0.053669 -0.061496 0.995795 
-0.000018 0.000744 0.998785 -0.051012 -0.062025 0.995668 
-0.000012 0.001597 1.011972 -0.050008 -0.059645 0.995914 
0.000042 0.001651 1.011203 -0.052901 -0.062031 0.995800 
0.000147 0.001363 0.991661 -0.051340 -0.061840 0.995645 
0.000497 0.001586 0.987576 -0.054011 -0.064128 0.995549 
0.001269 0.003081 0.972717 -0.051269 -0.061233 0.995641 
0.001121 0.003226 0.975359 -0.051270 -0.060767 0.995680 
0.000382 0.001331 1.000853 -0.053199 -0.063300 0.995678 
0.000759 0.003540 0.995576 -0.054229 -0.062747 0.995617 
-0.000008 0.001079 0.999561 -0.050939 -0.061490 0.995710 
0.000159 0.001130 0.999941 -0.056393 -0.066688 0.995383 
0.000237 0.001566 0.991523 -0.054055 -0.063806 0.995576 
-0.000357 0.001176 1.009099 -0.042030 -0.044623 0.997213 
0.008298 0.011680 0.918960 -0.065303 -0.080506 0.994564 
0.002084 0.003759 0.983215 -0.068170 -0.084447 0.994058 
0.000270 0.001429 0.989165 -0.054184 -0.064188 0.995538 
0.000458 0.001660 0.988228 -0.051176 -0.061753 0.995651 
-0.034712 0.322391 1.207298 -0.088398 0.285444 0.953846 
-0.041230 0.332919 1.116654 -0.104271 0.322748 0.940190 
0.038866 0.146950 0.940330 -0.013259 0.141006 0.989596 
-0.000001 0.000831 1.002288 -0.047098 -0.053637 0.996515 
-0.000077 0.001486 1.036582 -0.042691 -0.051900 0.996565 
-0.000050 0.001211 0.998496 -0.045220 -0.055420 0.996114 
0.000299 0.001772 0.996269 -0.050772 -0.060837 0.995756 
-0.000095 0.001403 1.002039 -0.045032 -0.054846 0.996171 
0.000223 0.001028 0.995454 -0.050087 -0.060196 0.995861 
0.000397 0.000886 0.996318 -0.044752 -0.056067 0.996091 
0.000107 0.000520 0.996156 -0.045165 -0.056588 0.996035 
0.000034 0.000494 1.001374 -0.049927 -0.060375 0.995872 
0.001218 0.002619 0.978508 -0.044890 -0.055234 0.996081 
-0.000190 0.000504 1.000452 -0.052696 -0.063376 0.995403 
0.000202 0.000421 0.992388 -0.032571 -0.036583 0.997573 
-0.000257 0.001136 1.117615 -0.030055 -0.032771 0.997992 
0.000558 0.000691 0.997558 -0.050354 -0.059032 0.995944 
0.000329 0.001144 0.993763 -0.052535 -0.063171 0.995408 
-0.000004 0.000524 0.998340 -0.057663 -0.070602 0.994958 
0.000426 0.001405 0.993595 -0.052454 -0.062937 0.995426 
0.002123 0.002720 0.971302 -0.051930 -0.063008 0.995393 
0.001075 0.002069 1.008862 -0.031396 -0.034676 0.997699 
-0.000473 0.001493 1.197725 -0.028602 -0.030749 0.998205 
0.000252 0.000569 0.997941 -0.032388 -0.036295 0.997599 
0.000514 0.000698 0.990020 -0.032354 -0.036403 0.997579 
0.001317 0.004014 1.124321 -0.028662 -0.030325 0.998106 
0.000454 0.001091 0.987398 -0.045390 -0.051761 0.996386 
0.008649 0.008399 1.368275 -0.019586 -0.023010 0.998782 
-0.001134 0.002657 1.038009 -0.051809 -0.059338 0.995778 
0.000159 0.000826 0.996451 -0.052564 -0.063311 0.995404 
-0.000157 0.000485 1.030345 -0.044267 -0.050396 0.996600 
0.008670 0.008345 1.365283 -0.019606 -0.023086 0.998777 
-0.000119 0.000942 0.998776 -0.052712 -0.063067 0.995417 
0.002118 0.002704 0.964498 -0.031542 -0.035306 0.997578 
0.000170 0.002008 0.994425 -0.032552 -0.035113 0.997623 
0.000436 0.002207 0.991525 -0.032388 -0.035014 0.997625 
0.000314 0.001352 0.990343 -0.032525 -0.035810 0.997594 
0.000500 0.001149 0.992651 -0.045137 -0.051467 0.996424 
-0.000621 0.001267 1.038906 -0.044357 -0.049337 0.996665 
-0.000462 0.005568 1.111680 -0.030354 -0.029339 0.998067 
0.001224 0.002517 0.980743 -0.031951 -0.035030 0.997613 
0.000315 0.001354 0.990292 -0.045403 -0.051385 0.996411 
0.000678 0.001072 0.997920 -0.044764 -0.051299 0.996461 
0.012650 0.014594 0.819180 -0.024474 -0.027280 0.997510 
0.003729 0.005656 1.181704 -0.025716 -0.027914 0.998326 
0.015728 0.020639 0.788141 -0.021734 -0.021349 0.997533 
0.000270 0.001047 0.997285 -0.032389 -0.035889 0.997610 
0.000856 0.002373 1.039706 -0.030862 -0.033620 0.997807 
0.003730 0.005694 1.186786 -0.025628 -0.027791 0.998338 
0.001846 0.007307 0.929562 -0.032699 -0.031946 0.997555 
0.000574 0.000737 0.997990 -0.032101 -0.036146 0.997612 
0.044401 0.053479 0.368227 -0.066407 -0.072205 0.995117 
-0.010679 -0.016595 1.212667 -0.049571 -0.051961 0.997081 
-0.005665 -0.006053 1.081926 -0.069940 -0.084294 0.993929 
-0.001148 -0.000866 1.017426 -0.052764 -0.063656 0.995421 
0.032573 0.047385 0.558932 -0.067924 -0.074562 0.994701 
0.032461 0.047243 0.560438 -0.067934 -0.074596 0.994698 
0.028696 0.035515 0.700982 -0.060770 -0.075565 0.995153 
-0.003686 -0.003788 1.054072 -0.053323 -0.064195 0.995436 
0.004025 0.008572 0.932821 -0.070372 -0.083760 0.993897 
-0.011982 -0.017273 1.232911 -0.049609 -0.051694 0.997099 
0.019829 0.004832 6.100127 -0.009230 -0.008689 0.999797 
0.026092 0.034577 1.005657 -0.027730 -0.031700 0.998136 
0.000118 0.001703 0.999982 -0.054832 -0.065550 0.995348 
0.000971 0.002529 1.000320 -0.053470 -0.062479 0.995745 
0.000015 0.000550 0.999952 -0.057646 -0.069104 0.995085 
0.002332 0.002688 1.000596 -0.054927 -0.068305 0.995273 
-0.033746 0.091523 0.986480 -0.082753 0.029851 0.994523 
0.003739 0.004250 1.001007 -0.053382 -0.066931 0.995463 
0.000405 0.000886 1.000068 -0.058623 -0.071417 0.994960 
0.000141 0.000221 0.999911 -0.057930 -0.072029 0.994831 
-0.000085 0.002368 1.000073 -0.058213 -0.069336 0.995012 
0.000069 0.000801 1.000005 -0.057653 -0.069996 0.995005 
0.000067 0.000899 0.999981 -0.058022 -0.071177 0.994889 
0.001744 0.003294 1.000557 -0.055900 -0.068150 0.995234 
-0.000122 0.001142 0.999883 -0.059260 -0.071128 0.994943 
-0.000009 0.001201 0.999595 -0.058147 -0.070835 0.994906 
-0.000107 0.001203 0.999879 -0.056392 -0.068952 0.994983 
0.080318 0.340476 0.846097 0.033912 0.308319 0.948664 
0.007722 0.008242 1.002470 -0.049867 -0.062595 0.996060 
-0.000113 0.001770 1.000028 -0.059242 -0.070375 0.994999 
0.001176 0.003474 0.999096 -0.057795 -0.068451 0.995223 
0.000240 0.000904 1.000014 -0.057803 -0.071168 0.994903 
0.015290 0.016985 0.956185 -0.037946 -0.047567 0.997113 
0.007451 0.006888 1.009055 -0.048259 -0.063009 0.996010 
0.000018 0.000643 0.999938 -0.053187 -0.067023 0.995069 
0.032238 0.048136 0.962078 -0.015761 -0.011211 0.998731 
0.022105 0.077438 0.993739 -0.036217 0.003939 0.998210 
0.000443 0.000799 1.000090 -0.047503 -0.054138 0.996439 
-0.000111 0.002235 1.000018 -0.058250 -0.069507 0.994997 
-0.000008 0.000498 0.999944 -0.054458 -0.064523 0.995542 
0.000149 0.000726 1.000003 -0.057916 -0.071390 0.994879 
0.000046 0.000449 0.999961 -0.058046 -0.071739 0.994846 
0.000126 0.000695 0.999990 -0.057589 -0.070117 0.995000 
0.000263 0.000516 1.000008 -0.052295 -0.063393 0.995421 
0.002142 0.002343 1.000566 -0.056545 -0.069668 0.995211 
0.000833 0.002476 1.000184 -0.048563 -0.054944 0.996241 
0.003710 0.002933 1.001077 -0.048889 -0.064331 0.995485 
0.000094 0.000688 0.999979 -0.053098 -0.066970 0.995078 
-0.000025 0.001281 0.999978 -0.053237 -0.066288 0.995118 
0.000038 0.000989 1.000136 -0.058047 -0.071050 0.994897 
-0.000083 0.001716 1.000057 -0.057240 -0.068268 0.995328 
-0.000203 0.001032 0.999880 -0.054659 -0.063995 0.995568 
0.018643 0.051402 0.978024 -0.031601 0.000238 0.998765 
0.000022 0.000791 0.999722 -0.051141 -0.058590 0.996090 
0.002294 0.002734 1.001773 -0.054261 -0.067244 0.995410 
0.049694 0.075759 0.665308 0.001045 0.028827 0.997414 
0.004513 0.007180 0.933773 -0.059623 -0.072546 0.994665 
0.010568 0.013061 0.861520 -0.056860 -0.070900 0.994794 
-0.000444 0.001380 1.003131 -0.053405 -0.064203 0.995287 
0.003076 0.006251 0.996314 -0.064203 -0.076979 0.994932 
-0.000129 0.000602 1.000944 -0.054968 -0.066097 0.995355 
-0.000122 0.000557 1.000109 -0.054562 -0.064452 0.995541 
0.001920 0.003865 0.998061 -0.066807 -0.080071 0.994512 
0.007627 0.007511 0.985870 -0.047491 -0.062481 0.996103 
0.000037 0.000890 1.000794 -0.061440 -0.070380 0.995176 
-0.000349 0.000900 1.007965 -0.049160 -0.055784 0.996174 
0.000429 0.001634 0.987562 -0.058001 -0.068869 0.995059 
0.000039 0.000787 1.000015 -0.054159 -0.064561 0.995523 
-0.000002 0.000343 1.000128 -0.059095 -0.072049 0.994885 
-0.000232 0.001201 1.002184 -0.047928 -0.052270 0.996569 
-0.001253 0.000560 1.019280 -0.056726 -0.065755 0.995460 
0.000168 0.000830 0.996347 -0.054929 -0.066223 0.995339 
-0.000103 0.002109 0.999907 -0.057787 -0.067390 0.995196 
0.000196 0.000873 0.998372 -0.058991 -0.071578 0.994924 
-0.013439 -0.014011 1.243016 -0.051108 -0.057512 0.996452 
0.000033 0.000728 0.998100 -0.056675 -0.067332 0.995318 
0.034641 0.049529 0.956751 -0.015293 -0.012663 0.998838 
0.027488 0.034955 0.921499 -0.030217 -0.037263 0.997845 
-0.000058 0.000534 0.998858 -0.055032 -0.066377 0.995327 
0.000627 0.002330 0.987574 -0.059264 -0.070790 0.994948 
0.000865 0.002252 0.985405 -0.056577 -0.066563 0.995356 
-0.000702 0.001369 1.009482 -0.059388 -0.070366 0.995099 
-0.000226 0.000710 1.006194 -0.051027 -0.058236 0.996131 
0.002692 0.003169 0.984171 -0.053345 -0.064194 0.995721 
0.000079 0.000447 1.003111 -0.054187 -0.064347 0.995575 
-0.000023 0.000584 1.000222 -0.059216 -0.072087 0.994867 
-0.000115 0.000979 1.001495 -0.056614 -0.066737 0.995369 
0.000057 0.000781 1.000047 -0.057596 -0.070548 0.994958 
0.002728 0.005832 1.007431 -0.046611 -0.054265 0.996423 
-0.000503 0.000634 1.004620 -0.055908 -0.068022 0.995335 
0.003115 0.002828 1.036417 -0.053138 -0.066505 0.995666 
-0.000436 0.000308 1.004731 -0.059279 -0.071688 0.994908 
-0.014476 -0.015500 1.223108 -0.068160 -0.081646 0.994301 
-0.000044 0.000492 0.999598 -0.056660 -0.067490 0.995310 
0.000032 0.001487 1.001989 -0.063360 -0.074208 0.994907 
0.000207 0.001189 0.998292 -0.057974 -0.070971 0.994904 
-0.000086 0.000588 1.001753 -0.058077 -0.071401 0.994872 
0.000747 0.002992 0.998964 -0.057260 -0.068661 0.995115 
-0.001751 0.041898 0.984294 -0.055970 -0.025137 0.996832 
0.056783 0.156471 0.916627 0.014767 0.138675 0.989377 
0.004256 0.003531 0.997730 -0.048554 -0.058024 0.996195 
0.057121 0.174757 0.834162 0.012606 0.149395 0.986813 
0.004106 0.003313 1.002107 -0.051073 -0.065219 0.995552 
0.055176 0.131163 0.909346 0.007724 0.095018 0.994370 
0.000198 0.001066 1.000149 -0.058862 -0.071197 0.994962 
0.015960 0.018063 0.906688 -0.043487 -0.056461 0.996210 
-0.000124 0.001483 1.000145 -0.054476 -0.062177 0.995689 
-0.000118 0.001481 0.999754 -0.056864 -0.066648 0.995346 
0.023059 0.030890 0.664283 -0.044928 -0.047301 0.996095 
0.023677 0.029232 0.829782 -0.034601 -0.044583 0.997010 
0.044646 0.097665 0.986413 -0.001869 0.045889 0.998012 
0.000075 0.000854 0.999948 -0.059021 -0.071463 0.994933 
0.001001 0.003092 0.983208 -0.054440 -0.063119 0.995616 
0.000800 0.002730 1.000149 -0.051516 -0.058584 0.996005 
-0.000069 0.001133 0.999513 -0.054548 -0.063921 0.995579 
-0.000060 0.001161 0.999144 -0.054863 -0.066390 0.995289 
-0.000028 0.000838 0.999962 -0.053280 -0.065679 0.995543 
-0.000037 0.000830 0.999942 -0.056083 -0.069573 0.994957 
-0.000047 0.000878 0.999941 -0.054500 -0.064145 0.995566 
-0.000065 0.001092 0.999657 -0.054535 -0.063952 0.995578 
0.000240 0.000903 1.000006 -0.057575 -0.070263 0.994979 
0.001207 0.005554 1.000345 -0.057683 -0.065895 0.995408 
0.000027 0.000854 0.998139 -0.055584 -0.066712 0.995219 
0.000029 0.000746 0.999956 -0.054422 -0.064275 0.995562 
0.157899 0.094253 1.030662 0.103611 0.030855 0.992658 
0.000115 0.001691 1.000049 -0.049116 -0.055548 0.996176 
0.002805 0.003143 1.000883 -0.055746 -0.068702 0.995327 
0.003663 0.005103 1.001368 -0.046360 -0.052892 0.996472 
-0.000083 0.002363 1.000031 -0.055683 -0.066366 0.995219 
-0.000075 0.000873 1.000095 -0.059188 -0.071427 0.994925 
0.000211 0.001903 0.996984 -0.059078 -0.070481 0.994997 
0.004992 0.004269 0.991158 -0.049948 -0.061387 0.996001 
-0.000190 0.001672 1.000016 -0.049351 -0.055563 0.996163 
0.000157 0.001332 0.996408 -0.059282 -0.071529 0.994898 
-0.000056 0.000846 0.999931 -0.059176 -0.071474 0.994922 
0.000151 0.000773 0.997100 -0.058132 -0.071600 0.994846 
-0.033666 0.091508 0.985745 -0.082734 0.029858 0.994522 
0.000324 0.001763 0.999997 -0.058728 -0.070389 0.995029 
0.000333 0.001785 1.000083 -0.058711 -0.070355 0.995033 
0.000036 0.002847 1.000006 -0.052204 -0.058485 0.995973 
0.000041 0.000455 0.999954 -0.054408 -0.064566 0.995541 
-0.000131 0.000627 1.002530 -0.059079 -0.071505 0.994930 
0.000745 0.003615 0.994831 -0.054017 -0.061772 0.995754 
0.006301 0.006181 1.001929 -0.050622 -0.062789 0.995902 
0.000129 0.000537 0.999990 -0.053055 -0.067142 0.995068 
0.002800 0.003142 1.000996 -0.055745 -0.068694 0.995328 
-0.000417 0.010764 0.999946 -0.058083 -0.058739 0.995727 
0.167548 0.517713 0.671748 0.141354 0.548300 0.821988 
0.000069 0.000799 1.000020 -0.056170 -0.069424 0.994962 
0.000066 0.000896 1.000004 -0.057472 -0.070038 0.995013 
0.000096 0.001708 1.012869 -0.053620 -0.062424 0.995760 
-0.000141 0.001390 0.999416 -0.059420 -0.071196 0.994918 
0.003970 0.003184 0.999162 -0.051719 -0.064096 0.995604 
0.000489 0.000912 1.231985 -0.042719 -0.052550 0.997070 
0.000013 0.001105 0.999978 -0.055577 -0.067719 0.995131 
0.000027 0.000485 0.999952 -0.059204 -0.072214 0.994962 
0.000004 0.001186 0.999950 -0.057549 -0.069711 0.995032 
-0.000050 0.001377 1.001673 -0.059048 -0.070698 0.994990 
0.000798 0.003289 1.000181 -0.056635 -0.067290 0.995258 
-0.000043 0.001483 1.001621 -0.059044 -0.070578 0.994999 
0.001280 0.004319 1.445786 -0.033741 -0.040099 0.998234 
0.000024 0.000466 0.999950 -0.054425 -0.064555 0.995541 
0.000016 0.000493 0.999960 -0.059088 -0.071887 0.994897 
-0.000032 0.000794 0.999957 -0.056978 -0.069974 0.994859 
0.030956 0.047924 1.134414 -0.014789 -0.008514 0.999202 
0.000025 0.000548 0.999954 -0.054425 -0.064473 0.995547 
0.007760 0.007299 0.982805 -0.049691 -0.064341 0.995791 
0.023458 0.029401 0.820277 -0.036690 -0.043686 0.996552 
0.000003 0.001576 1.000697 -0.054408 -0.063397 0.995626 
0.000086 0.000551 1.029654 -0.055739 -0.067952 0.995312 
0.004089 0.004500 1.001127 -0.050959 -0.061640 0.996054 
0.001113 0.003921 1.000102 -0.057802 -0.067841 0.995267 
-0.000040 0.001624 0.999433 -0.054525 -0.063438 0.995615 
0.013988 0.015290 1.009518 -0.038960 -0.049902 0.997047 
0.006196 0.005520 0.986129 -0.049708 -0.064933 0.995601 
0.003288 0.003840 1.001160 -0.055162 -0.067861 0.995420 
0.024715 0.028200 1.122509 -0.023418 -0.031018 0.998306 
0.000036 0.000942 0.999999 -0.059063 -0.071355 0.994938 
-0.000993 0.001351 1.046523 -0.057920 -0.068115 0.995284 
-0.000171 0.001767 0.999966 -0.058326 -0.070095 0.994950 
0.000301 0.001511 1.000031 -0.054150 -0.063510 0.995632 
0.059943 0.187144 0.949253 0.015286 0.145494 0.987836 
0.000349 0.003245 1.000029 -0.055376 -0.063960 0.995416 
0.100329 0.009850 1.050913 0.048078 -0.048716 0.996236 
0.040019 0.068409 1.054865 -0.008908 0.008326 0.999245 
0.046946 0.087863 0.943459 -0.013642 0.011425 0.998486 
0.000203 0.001805 1.000148 -0.056006 -0.068212 0.995059 
0.001711 0.007708 1.000366 -0.047901 -0.050937 0.996505 
-0.310524 0.651858 0.894272 -0.316193 0.517698 0.793459 
0.000115 0.001704 1.000052 -0.057842 -0.070771 0.994909 
0.000174 0.002270 0.999957 -0.057479 -0.067209 0.995227 
-0.000078 0.000983 0.999941 -0.052617 -0.062961 0.995432 
0.000961 0.002861 1.000562 -0.053467 -0.062132 0.995770 
0.000208 0.000863 0.999975 -0.058862 -0.071451 0.994943 
0.000863 0.002881 1.000430 -0.054826 -0.064308 0.995425 
0.001562 0.003163 0.972601 -0.055226 -0.068441 0.995285 
0.000805 0.003306 1.000249 -0.048585 -0.054307 0.996277 
0.000058 0.000946 0.999983 -0.057906 -0.071615 0.994844 
0.000032 0.000833 0.999979 -0.057813 -0.070344 0.994959 
0.000214 0.001052 0.999755 -0.049050 -0.056051 0.996148 
-0.000080 0.001723 0.999986 -0.058064 -0.070754 0.994897 
0.000065 0.002909 1.000110 -0.055660 -0.064297 0.995379 
-0.000038 0.000808 0.999942 -0.058015 -0.071770 0.994826 
0.027702 0.039304 1.057504 -0.026934 -0.025664 0.998397 
0.005317 0.004570 1.000751 -0.051767 -0.064643 0.995720 
0.003790 0.004311 1.001739 -0.050259 -0.063492 0.995438 
0.000178 0.000677 1.000006 -0.054270 -0.064341 0.995566 
0.001277 0.001589 1.000366 -0.048214 -0.055616 0.996218 
0.002151 0.003212 1.000514 -0.050526 -0.060868 0.995667 
0.000264 0.000517 1.000005 -0.053085 -0.065161 0.995232 
0.000042 0.000460 0.999945 -0.056976 -0.069312 0.995113 
0.000209 0.001088 0.999875 -0.052354 -0.062869 0.995451 
0.000022 0.001227 0.999931 -0.049191 -0.055908 0.996150 
0.141948 -0.262017 1.046143 0.083917 -0.291536 0.951584 
-0.002948 0.043276 0.995834 -0.061249 -0.024657 0.996948 
0.018254 0.053368 0.980582 -0.038421 -0.009110 0.998479 
0.000126 0.000694 0.999990 -0.054322 -0.064325 0.995564 
0.002529 0.003400 1.000794 -0.051893 -0.061586 0.995897 
0.000086 0.000552 1.029647 -0.055716 -0.066878 0.995401 
0.000422 0.000757 1.000050 -0.060291 -0.074159 0.994721 
0.034194 0.054150 1.059063 -0.019686 -0.013602 0.999067 
0.000785 0.002692 1.000876 -0.058128 -0.069223 0.995151 
0.001107 0.003984 1.000155 -0.057805 -0.067762 0.995272 
0.000249 0.002347 1.000138 -0.057385 -0.067111 0.995240 
0.001275 0.001589 1.000374 -0.053158 -0.063412 0.995697 
0.000232 0.001979 0.999950 -0.054226 -0.063049 0.995660 
0.022248 0.026864 1.004292 -0.027529 -0.036753 0.997776 
0.006541 0.005915 0.981037 -0.048372 -0.062316 0.995864 
-0.000084 0.001714 1.000088 -0.057752 -0.067811 0.995170 
0.000209 0.001530 0.999860 -0.052118 -0.060822 0.995803 
-0.000136 0.001185 0.999878 -0.059276 -0.071078 0.994945 
-0.000115 0.001545 1.000015 -0.059973 -0.072352 0.994781 
-0.000031 0.001320 0.999850 -0.052579 -0.062654 0.995452 
0.014565 0.014830 1.003458 -0.039765 -0.053605 0.996953 
0.017165 0.018620 1.005164 -0.034593 -0.045330 0.997191 
0.043855 0.098567 0.993638 -0.012633 0.028553 0.998585 
-0.000085 0.002361 1.000094 -0.053305 -0.065041 0.995200 
0.002335 0.002696 1.000678 -0.055053 -0.066697 0.995403 
0.026925 0.036994 0.995300 -0.024198 -0.025614 0.998429 
0.000063 0.002910 1.000110 -0.052486 -0.061163 0.995549 
0.000377 0.001665 1.000050 -0.057309 -0.069024 0.995095 
0.000973 0.002534 1.000261 -0.053470 -0.062478 0.995745 
0.000039 0.002143 1.000265 -0.057494 -0.068591 0.995116 
0.000033 0.000824 0.999940 -0.053171 -0.066816 0.995085 
0.000027 0.000524 0.999979 -0.057700 -0.070310 0.994979 
0.000015 0.000547 0.999952 -0.052286 -0.061711 0.995732 
0.030130 0.036137 0.723382 -0.032568 -0.040360 0.996312 
0.101790 0.010072 1.051108 0.043312 -0.056268 0.996265 
0.000798 0.002943 1.000213 -0.053650 -0.062073 0.995763 
0.002146 0.003218 1.000773 -0.055277 -0.067230 0.995340 
0.000339 0.000826 1.000065 -0.055220 -0.068013 0.995131 
0.188605 0.564546 0.735396 0.142419 0.540631 0.827742 
-0.000112 0.001165 1.000235 -0.059223 -0.071071 0.994950 
-0.000060 0.001424 0.999982 -0.057731 -0.068138 0.995148 
-0.000111 0.001546 0.999917 -0.049294 -0.055665 0.996159 
-0.000099 0.001607 0.999496 -0.055857 -0.065667 0.995277 
0.000819 0.003018 1.000066 -0.058147 -0.068906 0.995171 
-0.000171 0.001820 0.999995 -0.054624 -0.063202 0.995626 
0.000018 0.000677 0.999950 -0.058083 -0.071456 0.994864 
0.000047 0.001734 1.014392 -0.056747 -0.067821 0.995238 
-0.000043 0.001484 1.001617 -0.057676 -0.069099 0.995071 
-0.000112 0.001727 1.014859 -0.053712 -0.062270 0.995768 
-0.000021 0.001842 0.998310 -0.059257 -0.070438 0.994991 
-0.000154 0.001907 0.999969 -0.059296 -0.070219 0.995007 
-0.000036 0.001328 0.999917 -0.052266 -0.059840 0.995880 
-0.000061 0.001366 0.999904 -0.059188 -0.070862 0.994967 
-0.000072 0.000960 0.999958 -0.059194 -0.071336 0.994932 
-0.000037 0.000805 0.999940 -0.055631 -0.068043 0.995105 
0.000836 0.002483 1.000087 -0.053617 -0.062541 0.995732 
0.000330 0.000978 1.000014 -0.058716 -0.071313 0.994962 
0.000139 0.000216 0.999954 -0.057389 -0.070820 0.994961 
0.000095 0.000689 0.999978 -0.057440 -0.070277 0.994997 
0.000129 0.000678 0.999975 -0.058955 -0.071668 0.994922 
0.000194 0.000655 1.002357 -0.054118 -0.064196 0.995589 
0.000227 0.002618 1.000043 -0.056962 -0.067463 0.995390 
0.022215 0.077667 0.989928 -0.037399 0.003119 0.998343 
0.000322 0.001765 1.000065 -0.054128 -0.063254 0.995652 
0.006312 0.006191 1.001935 -0.051570 -0.065300 0.995781 
0.000042 0.000456 0.999941 -0.059058 -0.071932 0.994896 
0.000150 0.000729 0.999999 -0.058928 -0.071606 0.994928 
0.046196 0.086294 0.971588 -0.002059 0.032148 0.998425 
0.002253 0.002732 1.000751 -0.056405 -0.069195 0.995254 
0.000090 0.002844 1.000061 -0.057999 -0.068745 0.995067 
0.000064 0.002912 1.000106 -0.057594 -0.066491 0.995270 
0.000242 0.000906 0.999979 -0.057803 -0.071169 0.994902 
0.000286 0.001002 0.999874 -0.054172 -0.064028 0.995594 
0.154788 0.567086 0.779360 0.110866 0.534310 0.836204 
0.000028 0.000750 0.999989 -0.053172 -0.066897 0.995079 
0.000307 0.001245 0.999112 -0.054195 -0.063840 0.995605 
0.000379 0.001671 1.000027 -0.057117 -0.069151 0.995098 
0.000024 0.001319 0.999930 -0.055705 -0.065932 0.995268 
-0.000077 0.000892 0.999981 -0.057819 -0.069895 0.995002 
0.000495 0.001454 0.990379 -0.054520 -0.064258 0.995542 
0.000082 0.000409 0.999955 -0.059009 -0.071987 0.994895 
0.000264 0.000517 0.999988 -0.057772 -0.071654 0.994868 
0.000341 0.000829 1.000044 -0.057457 -0.070344 0.994980 
0.002146 0.003211 1.000605 -0.056543 -0.068641 0.995285 
0.002613 0.003437 1.000698 -0.051814 -0.061556 0.995903 
0.001279 0.001591 1.000355 -0.057575 -0.070567 0.995086 
0.029114 0.034709 1.003098 -0.022037 -0.028268 0.998419 
-0.000031 0.000795 0.999940 -0.058007 -0.071784 0.994825 
0.000180 0.001404 0.998228 -0.057077 -0.069250 0.994900 
0.000087 0.001716 1.013283 -0.051837 -0.061531 0.995591 
-0.000036 0.001302 1.000075 -0.057698 -0.068266 0.995141 
0.000031 0.001651 1.000009 -0.052273 -0.060702 0.995803 
0.000128 0.000677 0.999989 -0.057587 -0.070138 0.994998 
0.022127 0.077416 0.993236 -0.033195 0.011014 0.998386 
0.035663 0.056180 0.998365 -0.016753 -0.008803 0.998607 
0.000100 0.002528 1.001053 -0.058923 -0.069397 0.995091 
-0.005630 0.046456 0.996696 -0.060267 -0.023322 0.996576 
0.006301 0.006181 1.002080 -0.050614 -0.062779 0.995903 
0.001216 0.005683 1.000276 -0.051194 -0.057016 0.996107 
0.154130 0.562546 0.772042 0.111176 0.534371 0.836092 
0.039881 0.068583 1.070170 -0.014586 -0.000064 0.998748 
0.000115 0.001695 1.000053 -0.055384 -0.065699 0.995303 
0.002783 0.003125 1.001220 -0.054293 -0.067406 0.995385 
0.000974 0.002536 1.000248 -0.051356 -0.058752 0.996003 
0.000059 0.000941 0.999984 -0.059038 -0.071357 0.994940 
0.005819 0.005044 1.002084 -0.046973 -0.056440 0.996382 
0.270897 0.292297 0.813692 0.249831 0.259616 0.930803 
0.000067 0.000894 0.999981 -0.054383 -0.064126 0.995575 
0.317168 0.042154 0.868890 0.290889 -0.021723 0.954531 
0.000035 0.002840 0.999955 -0.052519 -0.061237 0.995543 
0.043953 0.098694 0.994215 -0.004122 0.044642 0.997702 
0.000223 0.001505 0.994277 -0.059255 -0.071186 0.994930 
0.000048 0.000804 0.997540 -0.052381 -0.061629 0.995728 
-0.000170 0.001759 0.999967 -0.056249 -0.068438 0.995029 
0.000203 0.001790 1.000168 -0.058860 -0.070341 0.995025 
0.002341 0.005277 1.009911 -0.049698 -0.055796 0.996295 
0.100707 0.009895 1.053032 0.048336 -0.048577 0.996236 
0.136493 0.032728 1.065239 0.080795 -0.026906 0.994981 
-0.000047 0.000522 0.999909 -0.058167 -0.071652 0.994845 
0.001692 0.002537 1.000537 -0.052738 -0.062460 0.995788 
0.000828 0.002469 1.000278 -0.058118 -0.069536 0.995128 
-0.000004 0.000668 0.999948 -0.052547 -0.063254 0.995417 
0.005104 0.004292 1.001645 -0.051635 -0.066832 0.995566 
0.006302 0.006177 1.002101 -0.050551 -0.064123 0.995794 
0.009315 0.009785 1.145207 -0.036347 -0.048287 0.997260 
-0.000078 0.002403 0.999961 -0.054537 -0.062625 0.995672 
0.043816 0.098564 0.991390 -0.009961 0.035062 0.998354 
0.000302 0.001604 1.000132 -0.057720 -0.070285 0.994973 
0.000059 0.000943 0.999984 -0.055664 -0.066311 0.995245 
0.000980 0.002551 1.000173 -0.056877 -0.069106 0.995108 
0.000163 0.002344 0.999981 -0.056068 -0.067583 0.995099 
0.002329 0.002687 1.000682 -0.056319 -0.069254 0.995255 
-0.000020 0.001200 1.000276 -0.057738 -0.069526 0.995034 
0.057323 0.175007 0.884541 0.014475 0.147113 0.987353 
0.000193 0.001439 0.999986 -0.055529 -0.065806 0.995287 
0.000004 0.001973 0.999934 -0.055594 -0.066792 0.995195 
0.000320 0.001494 0.999342 -0.058778 -0.070762 0.994998 
0.000024 0.000464 0.999955 -0.055699 -0.066802 0.995210 
0.000018 0.000539 0.999922 -0.058839 -0.071914 0.994773 
-0.000124 0.001268 0.999860 -0.059264 -0.070981 0.994953 
-0.000171 0.001755 1.000000 -0.054624 -0.063267 0.995622 
0.034119 0.053506 1.060915 -0.018880 -0.011862 0.998931 
0.101092 0.010056 1.047302 0.048959 -0.048685 0.996185 
0.159320 0.094726 1.031386 0.104877 0.031278 0.992515 
0.000089 0.000714 0.999978 -0.054361 -0.064306 0.995563 
0.000149 0.000727 0.999999 -0.054299 -0.064292 0.995568 
-0.001222 0.021595 0.998932 -0.059283 -0.046619 0.996303 
0.000180 0.000680 0.999996 -0.052134 -0.061587 0.995749 
0.022133 0.078110 1.000428 -0.035954 0.004571 0.998231 
-0.000179 0.001753 0.999984 -0.052713 -0.062244 0.995471 
0.000150 0.000726 0.999999 -0.049088 -0.056289 0.996132 
0.002590 0.003406 1.001014 -0.050096 -0.060662 0.995702 
0.000147 0.000695 0.999997 -0.052405 -0.063227 0.995426 
-0.000207 0.000776 1.005203 -0.049158 -0.056006 0.996156 
0.000058 0.000947 0.999981 -0.058492 -0.073721 0.994641 
0.002327 0.002690 1.000664 -0.047402 -0.054764 0.996310 
0.000027 0.000479 0.999968 -0.056284 -0.071587 0.994775 
0.000016 0.000496 0.999966 -0.052214 -0.060576 0.995834 
-0.000074 0.000569 1.005032 -0.054007 -0.066793 0.995555 
-0.000125 0.001148 0.999847 -0.054403 -0.067862 0.995289 
-0.000125 0.001259 0.999939 -0.056569 -0.070545 0.994836 
-0.000123 0.001163 0.999739 -0.052670 -0.062807 0.995438 
-0.002531 0.015695 0.998337 -0.055866 -0.051804 0.995832 
0.003637 0.005040 1.000899 -0.046397 -0.052961 0.996465 
0.000407 0.000884 1.000066 -0.052160 -0.063049 0.995450 
0.000693 0.003401 0.996730 -0.052062 -0.060898 0.995579 
0.000828 0.003659 0.999726 -0.048588 -0.054060 0.996291 
-0.000079 0.002405 1.000023 -0.051017 -0.059727 0.996106 
0.381870 -0.201028 1.122584 0.274920 -0.217169 0.935449 
0.000094 0.000691 0.999986 -0.049131 -0.056316 0.996128 
-0.000019 0.000512 0.999949 -0.058575 -0.074196 0.994600 
0.142996 -0.267351 1.062546 0.083557 -0.291813 0.951571 
-0.000461 0.010820 0.999236 -0.057904 -0.060679 0.995402 
0.000025 0.000501 0.999856 -0.054431 -0.064527 0.995543 
0.000739 0.003074 1.002030 -0.058103 -0.068677 0.995193 
0.001046 0.002742 0.982866 -0.052980 -0.064176 0.995260 
0.007017 0.006570 1.234151 -0.039078 -0.052069 0.997198 
-0.001129 0.021499 0.999350 -0.060711 -0.047152 0.996293 
0.000394 0.000781 1.000193 -0.058626 -0.071530 0.994952 
0.000072 0.000730 1.000201 -0.059006 -0.071587 0.994925 
0.000017 0.000840 1.000184 -0.057630 -0.068766 0.995110 
0.000010 0.000561 1.000167 -0.052523 -0.063341 0.995413 
0.000252 0.000628 0.998792 -0.057877 -0.071625 0.994862 
0.000193 0.001812 1.000347 -0.058859 -0.070301 0.995028 
0.000391 0.000899 1.000210 -0.051870 -0.060206 0.995879 
0.004286 0.003555 0.997915 -0.050294 -0.061636 0.995976 
0.000010 0.000501 1.000159 -0.054428 -0.064505 0.995545 
0.003922 0.003188 0.998591 -0.053313 -0.068468 0.995354 
0.001729 0.003216 1.000412 -0.049832 -0.060138 0.995778 
0.064573 0.243949 0.880909 0.016310 0.207605 0.976495 
0.000314 0.001776 1.000159 -0.057372 -0.068890 0.995101 
0.000214 0.002610 1.000398 -0.055755 -0.067367 0.995135 
0.001402 0.002593 0.977745 -0.054355 -0.064026 0.995547 
0.344034 0.089595 0.973493 0.286459 0.026648 0.956149 
0.000418 0.000648 1.000199 -0.052711 -0.066999 0.995098 
0.103000 0.009420 1.059105 0.044916 -0.054393 0.996371 
0.000044 0.000948 1.000208 -0.050972 -0.060290 0.996024 
0.001215 0.005779 1.000229 -0.056374 -0.064387 0.995469 
0.000958 0.001282 1.000337 -0.054727 -0.065946 0.995323 
0.000956 0.001280 1.000307 -0.055283 -0.070719 0.994896 
0.053692 0.133217 0.831687 0.000920 0.088618 0.994667 
0.000318 0.002695 1.000169 -0.052049 -0.061057 0.996072 
0.102869 0.009147 1.061641 0.043885 -0.056575 0.996246 
0.004755 0.004188 0.983867 -0.053288 -0.068528 0.995324 
0.052997 0.115525 0.946131 0.004557 0.065988 0.996671 
-0.000046 0.000890 1.000139 -0.058151 -0.071173 0.994882 
0.000048 0.000740 1.000082 -0.058036 -0.071366 0.994874 
-0.000138 0.001450 1.000245 -0.059254 -0.070734 0.994973 
-0.001745 0.041767 0.984521 -0.057300 -0.024413 0.996765 
0.003745 0.004275 1.001599 -0.050013 -0.060251 0.996033 
0.000280 0.002714 0.999995 -0.054112 -0.062156 0.995686 
0.026422 0.034380 1.007279 -0.027054 -0.031405 0.998314 
0.000065 0.002908 1.000037 -0.058790 -0.069099 0.994980 
0.001766 0.007805 1.000096 -0.053910 -0.061066 0.995661 
0.000321 0.001359 1.000053 -0.054128 -0.063660 0.995623 
0.000012 0.001105 0.999996 -0.058090 -0.070918 0.994904 
0.000089 0.002848 1.000043 -0.053111 -0.064487 0.995248 
0.000820 0.003655 1.016063 -0.048590 -0.056501 0.996201 
0.003203 0.004563 0.954639 -0.052925 -0.063196 0.995604 
0.000122 0.000692 0.997823 -0.044276 -0.053526 0.996330 
0.000825 0.003016 0.999981 -0.053484 -0.061811 0.995743 
0.000210 0.001223 0.994290 -0.058271 -0.071297 0.994854 
0.000127 0.000862 0.997892 -0.050880 -0.061948 0.995678 
-0.000210 0.001136 1.003162 -0.058130 -0.070591 0.994931 
0.000212 0.000785 0.997058 -0.047162 -0.054024 0.996476 
0.000427 0.002202 0.987934 -0.044472 -0.052455 0.996355 
0.000427 0.002202 0.987942 -0.046409 -0.055599 0.995978 
0.001461 0.003569 1.011123 -0.047914 -0.055764 0.996287 
0.001215 0.001913 0.985574 -0.049510 -0.059904 0.995887 
0.000137 0.000860 0.996976 -0.047925 -0.054260 0.996404 
0.001866 0.003576 1.000653 -0.050574 -0.058917 0.996018 
0.038759 0.065164 0.972489 -0.010819 0.005111 0.998994 
0.197059 0.547405 0.725797 0.164124 0.541625 0.822513 
0.003823 0.003013 1.006104 -0.050985 -0.066417 0.995478 
0.015762 0.017692 0.845094 -0.046374 -0.061124 0.995631 
-0.000134 0.001564 1.000464 -0.057782 -0.067947 0.995159 
0.025354 0.033068 0.870225 -0.027710 -0.034543 0.997636 
0.049351 0.100410 0.974024 0.001791 0.045737 0.997970 
0.041754 0.074076 0.984880 -0.006798 0.015458 0.998929 
0.000076 0.000788 0.999661 -0.054392 -0.064255 0.995564 
-0.000133 0.001451 0.999869 -0.054591 -0.063579 0.995601 
-0.000012 0.000995 0.999770 -0.055616 -0.067852 0.995119 
0.000949 0.002866 0.999993 -0.050206 -0.056500 0.996281 
